0.196379291094732
0.465330341884498
0.465330341884498
0.465330341884498
0.465330341884498
0.465330341884498
0.528608906637379
0.880292284223107
0.472416988386366
0.223177810916043
0.527087947282887
0.630988678040539
0.153395905264805
0.630988678040539
0.472416988386366
0.672593274240337
0.516322281311996
0.316640290705259
0.562707997726405
0.274243881801169
0.225666862910092
0.305407467013752
0.785562074028371
0.617107772151755
0.24630135457674
0.325966853444789
0.617107772151755
0.785562074028371
0.752586562816158
0.752586562816158
0.752586562816158
0.774914505662736
0.315539605556912
0.174515955867964
0.411000365135016
0.0820257977042781
0.274256684004084
0.349109587998983
0.190788576465132
0.314338275577478
0.205099032991265
0.322227767162255
0.705451255866879
0.141007431959155
0.140736177052509
0.315539605556912
0.127324615096349
0.51045893705101
0.255735880437452
0.61750334783423
0.608857203276377
0.110996038287047
0.261923963036449
0.234584966343468
0.0754916078495566
0.154344362958681
0.367111204285845
0.382452063253994
0.0185149219552251
0.275303664964906
0.676397829578697
0.159472200825483
0.0501922007590168
0.390740242082556
0.307305973636849
0.072904227166792
0.561651446043946
0.114101724221589
0.2879911160093
0.257128037595925
0.222154060209385
0.124652548956151
0.0608030320704339
0.032464082920352
0.213171917784001
0.299414927434941
0.42769460288691
0.0309168682519982
0.0438973272339557
0.331855991906427
0.433858098339876
0.21715939995747
0.108396603488984
0.380479486153492
0.668249776812106
0.237148395380796
0.0189826911678653
0.0777128700096136
0.831259737663797
0.531835185035076
0.190788576465132
0.679932429544134
0.430951067485077
0.109221221151762
0.34422136794613
0.333894360483247
0.851090080758386
0.339880766615629
0.0696115332303554
0.0577810826468393
0.0622490513359959
0.250278877424885
0.371184169223202
0.129065980720898
0.0652252442937461
0.0652252442937461
0.180177920179893
0.494688658395328
0.456652982082837
0.690452348718465
0.40188528766216
0.491476350245799
0.775933619493093
0.337675225097188
0.522713723813363
0.222158977816534
0.561586549713413
0.151524628602654
0.0574781280816388
0.331253137851084
0.146269580687237
0.376036205588341
0.376036205588341
0.547906739814792
0.441102716496443
0.520978468235152
0.305407467013752
0.218312605681711
0.0570393732825349
0.131453378049719
0.0858744695083548
0.0569380767075875
0.0455099326172047
0.0917985160953387
0.0761649498391654
0.616465557156474
0.527063708215047
0.668855486037563
0.511548900948191
0.270569869166273
0.158448796340019
0.551221796883457
0.326123706803556
0.158448796340019
0.313316685873365
0.382184870077854
0.325601908159341
0.526666136515381
0.413976743591089
0.0315940066241275
0.056191495069958
0.137364330127013
0.0887133580644597
0.370903398113725
0.220035693694429
0.29784787738787
0.820072337177457
0.403177123560957
0.844520299784413
0.0161342491448957
0.0341674542067133
0.142973045545725
0.0999393383612771
0.210961563134152
0.238617008420581
0.0569380767075875
0.218312605681711
0.0476603937995384
0.218312605681711
0.218312605681711
0.0791525095251515
0.218312605681711
0.393357107739956
0.397820224634706
0.594222009923978
0.296856830322464
0.483367085939244
0.193840525919723
0.193840525919723
0.0951710067455586
0.268830021117363
0.281934556870121
0.0479005344410068
0.334082488594835
0.0649676882035745
0.193918144922564
0.214428551230191
0.488851613730638
0.39595066171063
0.424645275663042
0.222448550568379
0.578646430604309
0.702248344591345
0.769888526012639
0.0745335920338098
0.328641427210445
0.664295346652678
0.786761661521394
0.714119980291009
0.222448550568379
0.392314598940168
0.751230500676587
0.213149480736934
0.426483520898828
0.156916479690625
0.682654695010751
0.543021805195609
0.737962062359806
0.690452348718465
0.0628716943428811
0.156242568248223
0.0887136829656351
0.404443460706086
0.836098856344255
0.524499219928601
0.334164740704072
0.418147022194274
0.0585157806162553
0.506092578334565
0.297848422801993
0.327294376168998
0.572096474529426
0.184829908803855
0.530497226995501
0.192033597070854
0.244893283574011
0.387145604771969
0.0971274107238206
0.0495975515474619
0.201100453809694
0.399898996802355
0.203001400232058
0.788279963010015
0.596998028945435
0.155795721732968
0.541933240544842
0.569613931955907
0.628259236020996
0.437959513340679
0.66272532073607
0.730773245558759
0.121356203518388
0.512235525063665
0.434817821409555
0.567823862587524
0.370429602326713
0.682654695010751
0.0709285209033258
0.0407172167858584
0.237098600525548
0.304824980641406
0.39893676216312
0.603893449975731
0.565718947474211
0.446230150155168
0.196445893675832
0.148744199074385
0.328137081859452
0.12727431682278
0.054425930005699
0.357605316067713
0.68081773077342
0.524741649222745
0.500741736533567
0.584683823747474
0.0574781280816388
0.201509262550528
0.845422888242735
0.78754714245819
0.78754714245819
0.78754714245819
0.78754714245819
0.78754714245819
0.78754714245819
0.636894592188388
0.180214885440198
0.166530287593659
0.0441865231779097
0.405634721558813
0.05749778309136
0.461320091755919
0.201883179227659
0.40188528766216
0.512795512668669
0.65780500554179
0.187491562441944
0.153910744541585
0.0374344974680659
0.0374344974680659
0.0564433791880323
0.65780500554179
0.433002958929779
0.317569408464729
0.0374344974680659
0.392314598940168
0.309152705432121
0.56629353643639
0.216663063780486
0.0703876456958039
0.644087150627809
0.36886884107064
0.596756824630006
0.318077415192957
0.225981173576257
0.25404286144731
0.0293177305778432
0.082910073097428
0.225981173576257
0.233293656162569
0.40427120339243
0.378967487936094
0.683074802685007
0.148710394837975
0.502499716993501
0.136879164548358
0.393357107739956
0.40188528766216
0.138465649696367
0.282475105880389
0.603471516522281
0.546535714420373
0.711956579626421
0.101765856619906
0.201509262550528
0.136554003102038
0.364887683044433
0.340940523153174
0.315942880134707
0.0515758342658539
0.282623692573435
0.0858055913391881
0.856662300128088
0.490454758217364
0.1767146159081
0.235192438195441
0.635557506020063
0.223965808883976
0.170882557369724
0.146226761993742
0.129200141869458
0.339483851011252
0.248352845031287
0.383076925948535
0.151212486496798
0.328754483294787
0.0840941841840187
0.682654695010751
0.436580915701171
0.545520748745443
0.089996773847162
0.260497463968143
0.0574781280816388
0.36661019852837
0.344608631755486
0.188974303159269
0.0608873494996826
0.706658245900825
0.185621545119105
0.312769384180938
0.0183359603910998
0.360341783841481
0.161511784439297
0.0264232305522705
0.699061297580171
0.364427453809922
0.280801006528122
0.280801006528122
0.144491167331846
0.840629672270034
0.545715955839701
0.600987917395394
0.119189569540236
0.678199638813232
0.389607567463672
0.388844876913991
0.433002958929779
0.136261696556573
0.433002958929779
0.165239942786927
0.78754714245819
0.317569408464729
0.329622658595151
0.235914498182329
0.446613575412985
0.357605316067713
0.131989263684789
0.603893449975731
0.256207946459049
0.148744199074385
0.188330722782705
0.411745499969828
0.0428738960207805
0.229844827888332
0.180177920179893
0.180177920179893
0.772369056724135
0.308686765078314
0.260970856494815
0.12203582589874
0.561651446043946
0.177433033576225
0.044489964576201
0.044489964576201
0.0628716943428811
0.209104680804254
0.0999393383612771
0.713214536747955
0.044489964576201
0.0628716943428811
0.180177920179893
0.201509262550528
0.378085201037075
0.699061297580171
0.713214536747955
0.014892378977178
0.283316453691442
0.180177920179893
0.180177920179893
0.713214536747955
0.603893449975731
0.31613183699412
0.437959513340679
